BEGIN
-- INICIO efecto-margen
185|amazon_mx|90|componentes|11|t|11|0|0|f|91|302.9318181818181818|989.0000000000000000|595.0681818181819|90
185|amazon_mx|90|duplicado_etiqueta|11|t|11|0|0|f|91|302.9318181818181818|989.0000000000000000|595.0681818181819|90
185|amazon_mx|180|componentes|18|t|18|0|0|f|91|302.3750000000000000|1022.1666666666666667|628.7916666666666|180
185|amazon_mx|180|duplicado_etiqueta|18|t|18|0|0|f|91|302.3750000000000000|1022.1666666666666667|628.7916666666666|180
185|amazon_mx|365|componentes|26|t|26|1|0|f|91||1043.0000000000000000||287
185|amazon_mx|365|duplicado_etiqueta|26|t|26|1|0|f|91||1043.0000000000000000||287
203|amazon_mx|90|componentes|7|t|7|0|0|f|70|267.7685714285714286|1000.9271428571428571|663.1585714285715|90
203|amazon_mx|90|duplicado_etiqueta|7|t|7|0|0|f|70|267.7685714285714286|1000.9271428571428571|663.1585714285715|90
203|amazon_mx|180|componentes|16|t|16|0|0|f|70|286.7425000000000000|1042.8275000000000000|686.085|180
203|amazon_mx|180|duplicado_etiqueta|16|t|16|0|0|f|70|286.7425000000000000|1042.8275000000000000|686.085|180
203|amazon_mx|365|componentes|25|t|25|2|0|f|66||1062.9696000000000000||287
203|amazon_mx|365|duplicado_etiqueta|25|t|25|2|0|f|66||1062.9696000000000000||287
207|amazon_mx|90|componentes|10|t|10|0|0|f|91|283.7910000000000000|993.4030000000000000|618.612|90
207|amazon_mx|90|duplicado_etiqueta|10|t|10|0|0|f|91|283.7910000000000000|993.4030000000000000|618.612|90
207|amazon_mx|180|componentes|25|t|25|0|0|f|91|294.4164000000000000|1013.0972000000000000|627.6808|180
207|amazon_mx|180|duplicado_etiqueta|25|t|25|0|0|f|91|294.4164000000000000|1013.0972000000000000|627.6808|180
207|amazon_mx|365|componentes|30|t|30|1|0|f|91||1021.7476666666666667||287
207|amazon_mx|365|duplicado_etiqueta|30|t|30|1|0|f|91||1021.7476666666666667||287
263|amazon_us|90|componentes|17|t|17|0|0|f|550.18|548.3223529411764706|3102.9558823529411765|2004.453529411765|90
263|amazon_us|90|duplicado_etiqueta|17|t|17|0|0|f|541.49|548.3223529411764706|3102.9558823529411765|2013.1435294117648|90
263|amazon_us|180|componentes|21|t|21|0|0|f|553.19|548.0704761904761905|3105.0604761904761905|2003.7999999999997|180
263|amazon_us|180|duplicado_etiqueta|21|t|21|0|0|f|545.69|548.0704761904761905|3105.0604761904761905|2011.2999999999997|180
263|amazon_us|365|componentes|23|t|23|1|0|f|550.72||3078.2830434782608696||287
263|amazon_us|365|duplicado_etiqueta|23|t|23|1|0|f|543.01||3078.2830434782608696||287
273|amazon_us|90|componentes|4|f|4|0|0|f|539.71|547.0000000000000000|2616.1425000000000000|1529.4325|90
273|amazon_us|90|duplicado_etiqueta|4|f|4|0|0|f|539.71|547.0000000000000000|2616.1425000000000000|1529.4325|90
273|amazon_us|180|componentes|18|t|18|0|0|f|541.25|547.0000000000000000|2542.7722222222222222|1454.5222222222221|180
273|amazon_us|180|duplicado_etiqueta|18|t|18|0|0|f|541.25|547.0000000000000000|2542.7722222222222222|1454.5222222222221|180
273|amazon_us|365|componentes|20|t|20|0|0|f|541.225|547.0000000000000000|2571.7410000000000000|1483.516|287
273|amazon_us|365|duplicado_etiqueta|20|t|20|0|0|f|541.225|547.0000000000000000|2571.7410000000000000|1483.516|287
332|amazon_mx|90|componentes|3|f|3|0|0|f|91|458.0000000000000000|1301.5466666666666667|752.5466666666666|90
332|amazon_mx|90|duplicado_etiqueta|3|f|3|0|0|f|91|458.0000000000000000|1301.5466666666666667|752.5466666666666|90
332|amazon_mx|180|componentes|7|t|7|0|0|f|91|458.0000000000000000|1320.5942857142857143|771.5942857142857|180
332|amazon_mx|180|duplicado_etiqueta|7|t|7|0|0|f|91|458.0000000000000000|1320.5942857142857143|771.5942857142857|180
332|amazon_mx|365|componentes|12|t|12|0|0|f|95|458.0000000000000000|1384.0266666666666667|831.0266666666666|287
332|amazon_mx|365|duplicado_etiqueta|12|t|12|0|0|f|95|458.0000000000000000|1384.0266666666666667|831.0266666666666|287
333|amazon_mx|90|componentes|0|f|0|0|0|f|||||90
333|amazon_mx|90|duplicado_etiqueta|0|f|0|0|0|f|||||90
333|amazon_mx|180|componentes|34|t|34|0|0|f|95|301.5000000000000000|1122.3520588235294118|725.8520588235294|180
333|amazon_mx|180|duplicado_etiqueta|34|t|34|0|0|f|95|301.5000000000000000|1122.3520588235294118|725.8520588235294|180
333|amazon_mx|365|componentes|58|t|58|9|0|f|95||1172.9198275862068966||287
333|amazon_mx|365|duplicado_etiqueta|58|t|58|9|0|f|95||1172.9198275862068966||287
335|amazon_mx|90|componentes|9|t|9|0|0|f|91|303.6000000000000000|1257.2766666666666667|862.6766666666666|90
335|amazon_mx|90|duplicado_etiqueta|9|t|9|0|0|f|91|303.6000000000000000|1257.2766666666666667|862.6766666666666|90
335|amazon_mx|180|componentes|34|t|34|0|0|f|95|302.0558823529411765|1246.7850000000000000|849.7291176470588|180
335|amazon_mx|180|duplicado_etiqueta|34|t|34|0|0|f|95|302.0558823529411765|1246.7850000000000000|849.7291176470588|180
335|amazon_mx|365|componentes|44|t|44|2|0|f|95||1248.9586363636363636||287
335|amazon_mx|365|duplicado_etiqueta|44|t|44|2|0|f|95||1248.9586363636363636||287
335|amazon_us|90|componentes|6|t|6|0|0|f|548.065|303.0750000000000000|2457.7366666666666667|1606.5966666666668|90
335|amazon_us|90|duplicado_etiqueta|6|t|6|0|0|f|538.8399999999999|303.0750000000000000|2457.7366666666666667|1615.821666666667|90
335|amazon_us|180|componentes|16|t|16|0|0|f|530.915|302.0906250000000000|2396.0756250000000000|1563.0700000000002|180
335|amazon_us|180|duplicado_etiqueta|16|t|16|0|0|f|530.915|302.0906250000000000|2396.0756250000000000|1563.0700000000002|180
335|amazon_us|365|componentes|25|t|25|4|0|f|520.19||2393.8916000000000000||287
335|amazon_us|365|duplicado_etiqueta|25|t|25|4|0|f|520.19||2393.8916000000000000||287
345|amazon_us|90|componentes|19|t|19|0|0|f|525.03|330.7368421052631579|2720.2026315789473684|1864.4357894736843|90
345|amazon_us|90|duplicado_etiqueta|19|t|19|0|0|f|521.92|330.7368421052631579|2720.2026315789473684|1867.5457894736842|90
345|amazon_us|180|componentes|32|t|32|0|0|f|528.8|328.8125000000000000|2678.6265625000000000|1821.0140625000001|180
345|amazon_us|180|duplicado_etiqueta|32|t|32|0|0|f|523.7750000000001|328.8125000000000000|2678.6265625000000000|1826.0390625|180
345|amazon_us|365|componentes|35|t|35|2|0|f|525.03||2651.3645714285714286||287
345|amazon_us|365|duplicado_etiqueta|35|t|35|2|0|f|522.94||2651.3645714285714286||287
355|amazon_us|90|componentes|12|t|12|0|0|f|532.05|328.5000000000000000|2530.1825000000000000|1669.6325|90
355|amazon_us|90|duplicado_etiqueta|12|t|12|0|0|f|526.815|328.5000000000000000|2530.1825000000000000|1674.8674999999998|90
355|amazon_us|180|componentes|23|t|23|0|0|f|534.83|327.3043478260869565|2485.1886956521739130|1623.054347826087|180
355|amazon_us|180|duplicado_etiqueta|23|t|23|0|0|f|530.05|327.3043478260869565|2485.1886956521739130|1627.834347826087|180
355|amazon_us|365|componentes|26|t|26|1|0|f|532.05||2484.6930769230769231||287
355|amazon_us|365|duplicado_etiqueta|26|t|26|1|0|f|526.815||2484.6930769230769231||287
359|amazon_us|90|componentes|15|t|15|0|0|f|548.25|451.3600000000000000|2648.9126666666666667|1649.3026666666665|90
359|amazon_us|90|duplicado_etiqueta|15|t|15|0|0|f|541.13|451.3600000000000000|2648.9126666666666667|1656.4226666666664|90
359|amazon_us|180|componentes|31|t|31|0|0|f|544.38|450.6580645161290323|2581.8425806451612903|1586.804516129032|180
359|amazon_us|180|duplicado_etiqueta|31|t|31|0|0|f|540.55|450.6580645161290323|2581.8425806451612903|1590.6345161290321|180
359|amazon_us|365|componentes|50|t|50|8|0|f|539.6800000000001||2563.3364000000000000||287
359|amazon_us|365|duplicado_etiqueta|50|t|50|8|0|f|539.59||2563.3364000000000000||287
367|amazon_us|90|componentes|11|t|11|0|0|f|966.66|417.4745454545454545|2601.9290909090909091|1217.7945454545456|90
367|amazon_us|90|duplicado_etiqueta|11|t|11|0|0|f|538.65|417.4745454545454545|2601.9290909090909091|1645.8045454545454|90
367|amazon_us|180|componentes|19|t|19|0|0|f|554.1|431.1694736842105263|2587.3621052631578947|1602.0926315789475|180
367|amazon_us|180|duplicado_etiqueta|19|t|19|0|0|f|541.49|431.1694736842105263|2587.3621052631578947|1614.7026315789474|180
367|amazon_us|365|componentes|22|t|22|1|0|f|550.28||2582.6163636363636364||287
367|amazon_us|365|duplicado_etiqueta|22|t|22|1|0|f|540.0699999999999||2582.6163636363636364||287
369|amazon_us|90|componentes|16|t|16|0|0|f|539.52|435.0925000000000000|2664.8243750000000000|1690.211875|90
369|amazon_us|90|duplicado_etiqueta|16|t|16|0|0|f|537.845|435.0925000000000000|2664.8243750000000000|1691.886875|90
369|amazon_us|180|componentes|33|t|33|0|0|f|541.9|442.7721212121212121|2626.3690909090909091|1641.6969696969695|180
369|amazon_us|180|duplicado_etiqueta|33|t|33|0|0|f|538.83|442.7721212121212121|2626.3690909090909091|1644.7669696969697|180
369|amazon_us|365|componentes|44|t|44|6|0|f|540.22||2616.6259090909090909||287
369|amazon_us|365|duplicado_etiqueta|44|t|44|6|0|f|539.59||2616.6259090909090909||287
619|amazon_us|90|componentes|5|f|5|0|0|f|972.69|142.0540000000000000|1728.9400000000000000|614.1959999999999|90
619|amazon_us|90|duplicado_etiqueta|5|f|5|0|0|f|538.65|142.0540000000000000|1728.9400000000000000|1048.2359999999999|90
619|amazon_us|180|componentes|13|t|13|0|0|f|556.89|202.3469230769230769|1683.5976923076923077|924.3607692307693|180
619|amazon_us|180|duplicado_etiqueta|13|t|13|0|0|f|538.65|202.3469230769230769|1683.5976923076923077|942.6007692307693|180
619|amazon_us|365|componentes|33|t|33|12|0|f|539.59||1565.9827272727272727||287
619|amazon_us|365|duplicado_etiqueta|33|t|33|12|0|f|539.59||1565.9827272727272727||287
764|amazon_mx|90|componentes|5|f|5|0|0|f|91|444.2900000000000000|2059.2000000000000000|1523.91|90
764|amazon_mx|90|duplicado_etiqueta|5|f|5|0|0|f|91|444.2900000000000000|2059.2000000000000000|1523.91|90
764|amazon_mx|180|componentes|9|t|9|0|0|f|91|465.0633333333333333|2059.2000000000000000|1503.1366666666668|180
764|amazon_mx|180|duplicado_etiqueta|9|t|9|0|0|f|91|465.0633333333333333|2059.2000000000000000|1503.1366666666668|180
764|amazon_mx|365|componentes|13|t|13|0|0|f|95|473.0530769230769231|2129.6000000000000000|1561.5469230769231|287
764|amazon_mx|365|duplicado_etiqueta|13|t|13|0|0|f|95|473.0530769230769231|2129.6000000000000000|1561.5469230769231|287
1621|amazon_mx|90|componentes|35|t|35|0|0|f|91|222.1528571428571429|1124.5422857142857143|811.3894285714285|90
1621|amazon_mx|90|duplicado_etiqueta|35|t|35|0|0|f|91|222.1528571428571429|1124.5422857142857143|811.3894285714285|90
1621|amazon_mx|180|componentes|67|t|67|0|0|f|91|240.4822388059701493|1121.8871641791044776|790.4049253731343|180
1621|amazon_mx|180|duplicado_etiqueta|67|t|67|0|0|f|91|240.4822388059701493|1121.8871641791044776|790.4049253731343|180
1621|amazon_mx|365|componentes|82|t|82|6|0|f|95||1142.4270731707317073||287
1621|amazon_mx|365|duplicado_etiqueta|82|t|82|6|0|f|95||1142.4270731707317073||287
1625|amazon_mx|90|componentes|16|t|16|0|0|f|91|218.5550000000000000|1248.0000000000000000|938.4449999999999|90
1625|amazon_mx|90|duplicado_etiqueta|16|t|16|0|0|f|91|218.5550000000000000|1248.0000000000000000|938.4449999999999|90
1625|amazon_mx|180|componentes|26|t|26|0|0|f|91|234.6992307692307692|1249.5838461538461538|923.8846153846154|180
1625|amazon_mx|180|duplicado_etiqueta|26|t|26|0|0|f|91|234.6992307692307692|1249.5838461538461538|923.8846153846154|180
1625|amazon_mx|365|componentes|36|t|36|1|0|f|95||1249.1438888888888889||287
1625|amazon_mx|365|duplicado_etiqueta|36|t|36|1|0|f|95||1249.1438888888888889||287
1625|amazon_us|90|componentes|5|f|5|0|0|f|556.39|206.8020000000000000|2506.5360000000000000|1743.344|90
1625|amazon_us|90|duplicado_etiqueta|5|f|5|0|0|f|551.96|206.8020000000000000|2506.5360000000000000|1747.774|90
1625|amazon_us|180|componentes|13|t|13|0|0|f|554.54|239.8653846153846154|2434.8323076923076923|1640.4269230769232|180
1625|amazon_us|180|duplicado_etiqueta|13|t|13|0|0|f|551.96|239.8653846153846154|2434.8323076923076923|1643.0069230769232|180
1625|amazon_us|365|componentes|20|t|20|4|0|f|520.32||2421.1265000000000000||287
1625|amazon_us|365|duplicado_etiqueta|20|t|20|4|0|f|520.32||2421.1265000000000000||287
1740|amazon_mx|90|componentes|8|t|8|0|0|f|91|193.3700000000000000|978.7362500000000000|694.36625|90
1740|amazon_mx|90|duplicado_etiqueta|8|t|8|0|0|f|91|193.3700000000000000|978.7362500000000000|694.36625|90
1740|amazon_mx|180|componentes|11|t|11|0|0|f|91|211.6863636363636364|981.5354545454545455|678.8490909090909|180
1740|amazon_mx|180|duplicado_etiqueta|11|t|11|0|0|f|91|211.6863636363636364|981.5354545454545455|678.8490909090909|180
1740|amazon_mx|365|componentes|11|t|11|0|0|f|91|211.6863636363636364|981.5354545454545455|678.8490909090909|287
1740|amazon_mx|365|duplicado_etiqueta|11|t|11|0|0|f|91|211.6863636363636364|981.5354545454545455|678.8490909090909|287
185|amazon_mx|componentes|18|t|91|91|95|180
185|amazon_mx|duplicado_etiqueta|18|t|91|91|95|180
203|amazon_mx|componentes|16|t|70|70|77.6|180
203|amazon_mx|duplicado_etiqueta|16|t|70|70|77.6|180
207|amazon_mx|componentes|25|t|91|95|95|180
207|amazon_mx|duplicado_etiqueta|25|t|91|95|95|180
263|amazon_us|componentes|21|t|553.19|558.34|981.5|180
263|amazon_us|duplicado_etiqueta|21|t|545.69|553.97|558.34|180
273|amazon_us|componentes|18|t|541.25|554.325|558.555|180
273|amazon_us|duplicado_etiqueta|18|t|541.25|554.325|558.555|180
332|amazon_mx|componentes|7|t|91|95|95|180
332|amazon_mx|duplicado_etiqueta|7|t|91|95|95|180
333|amazon_mx|componentes|34|t|95|95|95|180
333|amazon_mx|duplicado_etiqueta|34|t|95|95|95|180
335|amazon_mx|componentes|34|t|95|95|95|180
335|amazon_mx|duplicado_etiqueta|34|t|95|95|95|180
335|amazon_us|componentes|16|t|530.915|546.2249999999999|774.8199999999999|180
335|amazon_us|duplicado_etiqueta|16|t|530.915|540.235|549.78|180
345|amazon_us|componentes|32|t|528.8|541.045|954.024|180
345|amazon_us|duplicado_etiqueta|32|t|523.7750000000001|537.8575|540.007|180
355|amazon_us|componentes|23|t|534.83|539.9300000000001|542.3580000000001|180
355|amazon_us|duplicado_etiqueta|23|t|530.05|539.625|540.3860000000001|180
359|amazon_us|componentes|31|t|544.38|560.2550000000001|988.41|180
359|amazon_us|duplicado_etiqueta|31|t|540.55|545.1800000000001|556.89|180
367|amazon_us|componentes|19|t|554.1|968.5799999999999|976.356|180
367|amazon_us|duplicado_etiqueta|19|t|541.49|550.28|556.0120000000001|180
369|amazon_us|componentes|33|t|541.9|554.54|561.43|180
369|amazon_us|duplicado_etiqueta|33|t|538.83|548.52|559.282|180
619|amazon_us|componentes|13|t|556.89|561.63|980.69|180
619|amazon_us|duplicado_etiqueta|13|t|538.65|556.89|558.316|180
764|amazon_mx|componentes|9|t|91|95|95|180
764|amazon_mx|duplicado_etiqueta|9|t|91|95|95|180
1621|amazon_mx|componentes|67|t|91|95|95|180
1621|amazon_mx|duplicado_etiqueta|67|t|91|95|95|180
1625|amazon_mx|componentes|26|t|91|95|95|180
1625|amazon_mx|duplicado_etiqueta|26|t|91|95|95|180
1625|amazon_us|componentes|13|t|554.54|561.63|894.1860000000003|180
1625|amazon_us|duplicado_etiqueta|13|t|551.96|554.72|560.582|180
1740|amazon_mx|componentes|11|t|91|91|95|180
1740|amazon_mx|duplicado_etiqueta|11|t|91|91|95|180
-- FIN efecto-margen
ROLLBACK
